<?xml version="1.0"?>
<opencv_storage>
<calibration_time>"Wed Jun 17 22:39:08 2015"</calibration_time>
<nr_of_frames>1</nr_of_frames>
<image_width>595</image_width>
<image_height>683</image_height>
<board_width>6</board_width>
<board_height>7</board_height>
<square_size>50.</square_size>
<fix_aspect_ratio>1.</fix_aspect_ratio>
<!-- flags:  +fix_aspect_ratio +fix_principal_point +zero_tangent_dist -->
<flags>14</flags>
<camera_matrix type_id="opencv-matrix">
  <rows>3</rows>
  <cols>3</cols>
  <dt>d</dt>
  <data>
    1.5659864656767775e+04 0. 297. 0. 1.5659864656767775e+04 341. 0. 0.
    1.</data></camera_matrix>
<distortion_coefficients type_id="opencv-matrix">
  <rows>5</rows>
  <cols>1</cols>
  <dt>d</dt>
  <data>
    1.3542840494562211e-01 -1.6309200420611214e-03 0. 0.
    -9.2096381040300839e-07</data></distortion_coefficients>
<avg_reprojection_error>2.0528601314823848e-02</avg_reprojection_error>
<per_view_reprojection_errors type_id="opencv-matrix">
  <rows>1</rows>
  <cols>1</cols>
  <dt>f</dt>
  <data>
    2.05286015e-02</data></per_view_reprojection_errors>
<extrinsic_parameters type_id="opencv-matrix">
  <rows>1</rows>
  <cols>6</cols>
  <dt>d</dt>
  <data>
    -3.4646894727860412e-03 -1.4901476534934235e-03
    1.6279509832190515e-06 -1.2470677790760114e+02
    -1.4743802616690175e+02 9.4710471132965031e+03</data></extrinsic_parameters>
<image_points type_id="opencv-matrix">
  <rows>1</rows>
  <cols>42</cols>
  <dt>"2f"</dt>
  <data>
    9.07665024e+01 9.72355728e+01 1.73468918e+02 9.72145004e+01
    2.56167419e+02 9.72445297e+01 3.38817352e+02 9.72365723e+01
    4.21497864e+02 9.72066498e+01 5.04183716e+02 9.72403793e+01
    9.07579346e+01 1.79884277e+02 1.73464661e+02 1.79885895e+02
    2.56172394e+02 1.79885300e+02 3.38817413e+02 1.79882477e+02
    4.21501129e+02 1.79892792e+02 5.04186310e+02 1.79879745e+02
    9.07732391e+01 2.62549408e+02 1.73465256e+02 2.62560303e+02
    2.56154968e+02 2.62547150e+02 3.38820679e+02 2.62550842e+02
    4.21498383e+02 2.62562836e+02 5.04170197e+02 2.62550018e+02
    9.07720032e+01 3.45253113e+02 1.73469955e+02 3.45232483e+02
    2.56170441e+02 3.45259186e+02 3.38811859e+02 3.45250916e+02
    4.21499023e+02 3.45227600e+02 5.04187866e+02 3.45261688e+02
    9.07547760e+01 4.27903076e+02 1.73468536e+02 4.27907593e+02
    2.56165314e+02 4.27900543e+02 3.38812408e+02 4.27903290e+02
    4.21501099e+02 4.27911896e+02 5.04182251e+02 4.27897949e+02
    9.07756958e+01 5.10576019e+02 1.73469833e+02 5.10591125e+02
    2.56157562e+02 5.10571564e+02 3.38817688e+02 5.10576202e+02
    4.21503174e+02 5.10594910e+02 5.04172241e+02 5.10572845e+02
    9.07772217e+01 5.93296143e+02 1.73465866e+02 5.93270813e+02
    2.56168671e+02 5.93306152e+02 3.38813934e+02 5.93302429e+02
    4.21497101e+02 5.93275818e+02 5.04186188e+02 5.93307373e+02</data></image_points>
</opencv_storage>
